# BRON: KONINKLIJK NEDERLANDS METEOROLOGISCH INSTITUUT (KNMI)
# Opmerking: door stationsverplaatsingen en veranderingen in waarneemmethodieken zijn deze tijdreeksen van dagwaarden mogelijk inhomogeen! Dat betekent dat deze reeks van gemeten waarden niet geschikt is voor trendanalyse. Voor studies naar klimaatverandering verwijzen we naar de gehomogeniseerde reeks maandtemperaturen van De Bilt <http://www.knmi.nl/kennis-en-datacentrum/achtergrond/gehomogeniseerde-reeks-maandtemperaturen-de-bilt> of de Centraal Nederland Temperatuur <http://www.knmi.nl/kennis-en-datacentrum/achtergrond/centraal-nederland-temperatuur-cnt>.
# 
# 
# STN      LON(east)   LAT(north)     ALT(m)  NAME
# 370:         5.377       51.451      22.60  EINDHOVEN
# 
# YYYYMMDD = Datum (YYYY=jaar MM=maand DD=dag); 
# TG       = Etmaalgemiddelde temperatuur (in 0.1 graden Celsius); 
# 
# STN,YYYYMMDD,   TG
# 
  370,19860101,  -25
  370,19860102,   40
  370,19860103,   26
  370,19860104,    9
  370,19860105,   15
  370,19860106,   14
  370,19860107,  -11
  370,19860108,   -8
  370,19860109,  -35
  370,19860110,   26
  370,19860111,   57
  370,19860112,   52
  370,19860113,   84
  370,19860114,   72
  370,19860115,   44
  370,19860116,   27
  370,19860117,   19
  370,19860118,   60
  370,19860119,   94
  370,19860120,   64
  370,19860121,   66
  370,19860122,   58
  370,19860123,   64
  370,19860124,   25
  370,19860125,   18
  370,19860126,    0
  370,19860127,  -19
  370,19860128,   23
  370,19860129,   20
  370,19860130,   15
  370,19860131,   25
  370,19860201,   29
  370,19860202,   22
  370,19860203,    9
  370,19860204,   -7
  370,19860205,  -31
  370,19860206,  -32
  370,19860207,  -35
  370,19860208,  -50
  370,19860209,  -98
  370,19860210,  -25
  370,19860211,   -2
  370,19860212,   -9
  370,19860213,  -23
  370,19860214,  -23
  370,19860215,  -13
  370,19860216,  -18
  370,19860217,  -10
  370,19860218,  -36
  370,19860219,  -40
  370,19860220,  -51
  370,19860221,  -76
  370,19860222,  -55
  370,19860223,  -36
  370,19860224,  -56
  370,19860225,  -42
  370,19860226,  -47
  370,19860227,  -39
  370,19860228,  -14
  370,19860301,    1
  370,19860302,  -13
  370,19860303,  -21
  370,19860304,   -1
  370,19860305,   74
  370,19860306,   57
  370,19860307,   28
  370,19860308,   34
  370,19860309,   27
  370,19860310,   31
  370,19860311,   31
  370,19860312,   31
  370,19860313,   41
  370,19860314,   41
  370,19860315,   50
  370,19860316,   61
  370,19860317,   67
  370,19860318,  105
  370,19860319,  103
  370,19860320,   71
  370,19860321,   50
  370,19860322,   55
  370,19860323,   79
  370,19860324,   61
  370,19860325,   61
  370,19860326,   58
  370,19860327,   96
  370,19860328,   94
  370,19860329,   73
  370,19860330,   50
  370,19860331,   64
  370,19860401,   58
  370,19860402,   58
  370,19860403,   50
  370,19860404,   41
  370,19860405,   44
  370,19860406,   48
  370,19860407,   67
  370,19860408,   66
  370,19860409,   47
  370,19860410,   44
  370,19860411,    4
  370,19860412,   12
  370,19860413,   26
  370,19860414,   50
  370,19860415,   76
  370,19860416,   97
  370,19860417,   81
  370,19860418,   53
  370,19860419,   55
  370,19860420,   64
  370,19860421,   78
  370,19860422,   92
  370,19860423,  100
  370,19860424,  104
  370,19860425,  102
  370,19860426,  102
  370,19860427,  111
  370,19860428,  104
  370,19860429,   94
  370,19860430,   98
  370,19860501,  139
  370,19860502,  187
  370,19860503,  169
  370,19860504,  137
  370,19860505,  152
  370,19860506,  140
  370,19860507,  131
  370,19860508,  108
  370,19860509,  116
  370,19860510,  144
  370,19860511,  121
  370,19860512,  154
  370,19860513,  130
  370,19860514,  127
  370,19860515,  105
  370,19860516,  108
  370,19860517,  152
  370,19860518,  155
  370,19860519,  157
  370,19860520,  191
  370,19860521,  164
  370,19860522,  140
  370,19860523,  154
  370,19860524,  130
  370,19860525,  155
  370,19860526,  174
  370,19860527,  146
  370,19860528,  121
  370,19860529,  101
  370,19860530,   98
  370,19860531,  112
  370,19860601,  119
  370,19860602,  147
  370,19860603,  128
  370,19860604,  101
  370,19860605,  100
  370,19860606,  105
  370,19860607,  102
  370,19860608,  130
  370,19860609,  172
  370,19860610,  173
  370,19860611,  121
  370,19860612,  131
  370,19860613,  142
  370,19860614,  180
  370,19860615,  220
  370,19860616,  235
  370,19860617,  216
  370,19860618,  167
  370,19860619,  183
  370,19860620,  190
  370,19860621,  160
  370,19860622,  199
  370,19860623,  198
  370,19860624,  159
  370,19860625,  182
  370,19860626,  213
  370,19860627,  231
  370,19860628,  224
  370,19860629,  208
  370,19860630,  218
  370,19860701,  227
  370,19860702,  228
  370,19860703,  207
  370,19860704,  194
  370,19860705,  186
  370,19860706,  158
  370,19860707,  146
  370,19860708,  163
  370,19860709,  159
  370,19860710,  151
  370,19860711,  149
  370,19860712,  136
  370,19860713,  142
  370,19860714,  158
  370,19860715,  195
  370,19860716,  223
  370,19860717,  187
  370,19860718,  147
  370,19860719,  148
  370,19860720,  153
  370,19860721,  175
  370,19860722,  168
  370,19860723,  139
  370,19860724,  128
  370,19860725,  147
  370,19860726,  177
  370,19860727,  198
  370,19860728,  213
  370,19860729,  193
  370,19860730,  171
  370,19860731,  176
  370,19860801,  167
  370,19860802,  183
  370,19860803,  223
  370,19860804,  184
  370,19860805,  152
  370,19860806,  181
  370,19860807,  168
  370,19860808,  155
  370,19860809,  158
  370,19860810,  183
  370,19860811,  182
  370,19860812,  169
  370,19860813,  164
  370,19860814,  195
  370,19860815,  183
  370,19860816,  161
  370,19860817,  151
  370,19860818,  154
  370,19860819,  135
  370,19860820,  135
  370,19860821,  138
  370,19860822,  155
  370,19860823,  133
  370,19860824,  129
  370,19860825,  140
  370,19860826,  152
  370,19860827,  133
  370,19860828,  119
  370,19860829,  120
  370,19860830,  131
  370,19860831,  115
  370,19860901,  126
  370,19860902,  147
  370,19860903,  125
  370,19860904,  119
  370,19860905,  123
  370,19860906,  121
  370,19860907,  119
  370,19860908,  104
  370,19860909,   99
  370,19860910,  100
  370,19860911,   93
  370,19860912,   97
  370,19860913,  108
  370,19860914,  145
  370,19860915,   97
  370,19860916,  101
  370,19860917,  105
  370,19860918,  102
  370,19860919,   90
  370,19860920,  100
  370,19860921,  113
  370,19860922,  115
  370,19860923,  146
  370,19860924,  120
  370,19860925,   98
  370,19860926,  101
  370,19860927,  107
  370,19860928,  107
  370,19860929,  135
  370,19860930,  128
  370,19861001,  132
  370,19861002,  127
  370,19861003,  108
  370,19861004,  115
  370,19861005,  152
  370,19861006,  147
  370,19861007,  148
  370,19861008,  141
  370,19861009,  126
  370,19861010,  143
  370,19861011,  132
  370,19861012,  138
  370,19861013,  127
  370,19861014,  160
  370,19861015,  164
  370,19861016,  130
  370,19861017,  118
  370,19861018,  126
  370,19861019,  108
  370,19861020,   97
  370,19861021,   96
  370,19861022,  113
  370,19861023,   71
  370,19861024,   79
  370,19861025,  101
  370,19861026,   83
  370,19861027,   87
  370,19861028,  116
  370,19861029,   94
  370,19861030,   87
  370,19861031,   95
  370,19861101,  110
  370,19861102,   73
  370,19861103,   70
  370,19861104,   71
  370,19861105,   83
  370,19861106,   80
  370,19861107,   56
  370,19861108,   67
  370,19861109,   49
  370,19861110,  112
  370,19861111,  129
  370,19861112,   93
  370,19861113,  118
  370,19861114,  121
  370,19861115,  107
  370,19861116,   81
  370,19861117,   91
  370,19861118,   86
  370,19861119,  110
  370,19861120,   68
  370,19861121,   57
  370,19861122,   79
  370,19861123,   60
  370,19861124,   83
  370,19861125,  120
  370,19861126,   92
  370,19861127,   55
  370,19861128,   22
  370,19861129,   -8
  370,19861130,    2
  370,19861201,   30
  370,19861202,   80
  370,19861203,   81
  370,19861204,   92
  370,19861205,   90
  370,19861206,   44
  370,19861207,   47
  370,19861208,  104
  370,19861209,   71
  370,19861210,   37
  370,19861211,   39
  370,19861212,   52
  370,19861213,   48
  370,19861214,   25
  370,19861215,   31
  370,19861216,   45
  370,19861217,   55
  370,19861218,   83
  370,19861219,   35
  370,19861220,   30
  370,19861221,   16
  370,19861222,   -2
  370,19861223,    3
  370,19861224,  -10
  370,19861225,   10
  370,19861226,   25
  370,19861227,   44
  370,19861228,   73
  370,19861229,  100
  370,19861230,   94
  370,19861231,   88
